WGS84 UTM 15N
367615.7 4023959.8 374.9 3144 1279 FHD0033.JPG
367615.7 4023959.8 374.9 1935 1456 FHD0040.JPG
367615.7 4023959.8 374.9 3554 941 FHD0042.JPG
367617.9 4023990.2 374.3 2724 1436 FHD0038.JPG
367617.9 4023990.2 374.3 4057 1517 FHD0035.JPG
367617.9 4023990.2 374.3 2280 1348 FHD0037.JPG
367635.3 4023913.8 375.2 2938 1626 FHD0019.JPG
367635.3 4023913.8 375.2 586 1905 FHD0046.JPG
367635.3 4023913.8 375.2 1497 2479 FHD0023.JPG
367648.2 4023988.0 374.3 1442 1394 FHD0087.JPG
367648.2 4023988.0 374.3 1551 740 FHD0088.JPG
367648.2 4023988.0 374.3 3021 794 FHD0099.JPG
367648.6 4024004.0 373.9 2811 1341 FHD0087.JPG
367648.6 4024004.0 373.9 2806 659 FHD0088.JPG
367648.6 4024004.0 373.9 4374 716 FHD0099.JPG
367653.1 4023979.9 374.3 2106 1355 FHD0099.JPG
367653.1 4023979.9 374.3 1404 39 FHD0336.JPG
367653.1 4023979.9 374.3 1305 1031 FHD0152.JPG
367657.9 4023977.4 374.4 1983 1873 FHD0099.JPG
367657.9 4023977.4 374.4 1188 481 FHD0336.JPG
367657.9 4023977.4 374.4 1147 1487 FHD0152.JPG
